 0.10116E-05       Infinity
 0.10351E-05       Infinity
 0.10593E-05       Infinity
 0.10839E-05       Infinity
 0.11092E-05       Infinity
 0.11350E-05       Infinity
 0.11614E-05       Infinity
 0.11885E-05       Infinity
 0.12162E-05       Infinity
 0.12445E-05       Infinity
 0.12735E-05       Infinity
 0.13032E-05       Infinity
 0.13335E-05       Infinity
 0.13646E-05       Infinity
 0.13964E-05       Infinity
 0.14289E-05       Infinity
 0.14622E-05       Infinity
 0.14962E-05       Infinity
 0.15311E-05       Infinity
 0.15668E-05       Infinity
 0.16032E-05       Infinity
 0.16406E-05       Infinity
 0.16788E-05       Infinity
 0.17179E-05       Infinity
 0.17579E-05       Infinity
 0.17989E-05       Infinity
 0.18408E-05       Infinity
 0.18836E-05       Infinity
 0.19275E-05       Infinity
 0.19724E-05       Infinity
 0.20184E-05       Infinity
 0.20654E-05       Infinity
 0.21135E-05       Infinity
 0.21627E-05       Infinity
 0.22131E-05       Infinity
 0.22646E-05       Infinity
 0.23174E-05       Infinity
 0.23714E-05       Infinity
 0.24266E-05       Infinity
 0.24831E-05       Infinity
 0.25410E-05       Infinity
 0.26002E-05       Infinity
 0.26607E-05       Infinity
 0.27227E-05       Infinity
 0.27861E-05       Infinity
 0.28510E-05       Infinity
 0.29174E-05       Infinity
 0.29854E-05       Infinity
 0.30549E-05       Infinity
 0.31261E-05       Infinity
 0.31989E-05       Infinity
 0.32734E-05       Infinity
 0.33497E-05       Infinity
 0.34277E-05       Infinity
 0.35075E-05       Infinity
 0.35892E-05       Infinity
 0.36728E-05       Infinity
 0.37584E-05       Infinity
 0.38459E-05       Infinity
 0.39355E-05       Infinity
 0.40272E-05       Infinity
 0.41210E-05       Infinity
 0.42170E-05       Infinity
 0.43152E-05       Infinity
 0.44157E-05       Infinity
 0.45186E-05       Infinity
 0.46238E-05       Infinity
 0.47315E-05       Infinity
 0.48417E-05       Infinity
 0.49545E-05       Infinity
 0.50699E-05       Infinity
 0.51880E-05       Infinity
 0.53088E-05       Infinity
 0.54325E-05       Infinity
 0.55590E-05       Infinity
 0.56885E-05       Infinity
 0.58210E-05       Infinity
 0.59566E-05       Infinity
 0.60954E-05       Infinity
 0.62373E-05       Infinity
 0.63826E-05       Infinity
 0.65313E-05       Infinity
 0.66834E-05       Infinity
 0.68391E-05       Infinity
 0.69984E-05       Infinity
 0.71614E-05       Infinity
 0.73282E-05       Infinity
 0.74989E-05       Infinity
 0.76736E-05       Infinity
 0.78524E-05       Infinity
 0.80353E-05       Infinity
 0.82224E-05       Infinity
 0.84140E-05       Infinity
 0.86099E-05       Infinity
 0.88105E-05       Infinity
 0.90157E-05       Infinity
 0.92257E-05       Infinity
 0.94406E-05       Infinity
 0.96605E-05    0.33109E-03
 0.98855E-05    0.37113E-03
 0.10116E-04    0.41475E-03
 0.10351E-04    0.46212E-03
 0.10593E-04    0.51344E-03
 0.10839E-04    0.56889E-03
 0.11092E-04    0.62866E-03
 0.11350E-04    0.69292E-03
 0.11614E-04    0.76187E-03
 0.11885E-04    0.83570E-03
 0.12162E-04    0.91457E-03
 0.12445E-04    0.99869E-03
 0.12735E-04    0.10882E-02
 0.13032E-04    0.11834E-02
 0.13335E-04    0.12843E-02
 0.13646E-04    0.13913E-02
 0.13964E-04    0.15044E-02
 0.14289E-04    0.16239E-02
 0.14622E-04    0.17499E-02
 0.14962E-04    0.18828E-02
 0.15311E-04    0.20226E-02
 0.15668E-04    0.21696E-02
 0.16032E-04    0.23241E-02
 0.16406E-04    0.24862E-02
 0.16788E-04    0.26561E-02
 0.17179E-04    0.28343E-02
 0.17579E-04    0.30208E-02
 0.17989E-04    0.32161E-02
 0.18408E-04    0.34203E-02
 0.18836E-04    0.36338E-02
 0.19275E-04    0.38569E-02
 0.19724E-04    0.40899E-02
 0.20184E-04    0.43333E-02
 0.20654E-04    0.45873E-02
 0.21135E-04    0.48525E-02
 0.21627E-04    0.51291E-02
 0.22131E-04    0.54177E-02
 0.22646E-04    0.57187E-02
 0.23174E-04    0.60326E-02
 0.23714E-04    0.63601E-02
 0.24266E-04    0.67015E-02
 0.24831E-04    0.70575E-02
 0.25410E-04    0.74288E-02
 0.26002E-04    0.78160E-02
 0.26607E-04    0.82198E-02
 0.27227E-04    0.86409E-02
 0.27861E-04    0.90801E-02
 0.28510E-04    0.95383E-02
 0.29174E-04    0.10016E-01
 0.29854E-04    0.10515E-01
 0.30549E-04    0.11035E-01
 0.31261E-04    0.11578E-01
 0.31989E-04    0.12145E-01
 0.32734E-04    0.12737E-01
 0.33497E-04    0.13354E-01
 0.34277E-04    0.13999E-01
 0.35075E-04    0.14673E-01
 0.35892E-04    0.15376E-01
 0.36728E-04    0.16111E-01
 0.37584E-04    0.16879E-01
 0.38459E-04    0.17681E-01
 0.39355E-04    0.18519E-01
 0.40272E-04    0.19395E-01
 0.41210E-04    0.20311E-01
 0.42170E-04    0.21269E-01
 0.43152E-04    0.22270E-01
 0.44157E-04    0.23317E-01
 0.45186E-04    0.24411E-01
 0.46238E-04    0.25557E-01
 0.47315E-04    0.26754E-01
 0.48417E-04    0.28007E-01
 0.49545E-04    0.29318E-01
 0.50699E-04    0.30689E-01
 0.51880E-04    0.32124E-01
 0.53088E-04    0.33625E-01
 0.54325E-04    0.35196E-01
 0.55590E-04    0.36840E-01
 0.56885E-04    0.38560E-01
 0.58210E-04    0.40360E-01
 0.59566E-04    0.42243E-01
 0.60954E-04    0.44214E-01
 0.62373E-04    0.46277E-01
 0.63826E-04    0.48435E-01
 0.65313E-04    0.50694E-01
 0.66834E-04    0.53057E-01
 0.68391E-04    0.55529E-01
 0.69984E-04    0.58116E-01
 0.71614E-04    0.60823E-01
 0.73282E-04    0.63654E-01
 0.74989E-04    0.66615E-01
 0.76736E-04    0.69713E-01
 0.78524E-04    0.72952E-01
 0.80353E-04    0.76339E-01
 0.82224E-04    0.79881E-01
 0.84140E-04    0.83584E-01
 0.86099E-04    0.87454E-01
 0.88105E-04    0.91499E-01
 0.90157E-04    0.95727E-01
 0.92257E-04    0.10014E+00
 0.94406E-04    0.10476E+00
 0.96605E-04    0.10958E+00
 0.98855E-04    0.11461E+00
 0.10116E-03    0.11986E+00
 0.10351E-03    0.12535E+00
 0.10593E-03    0.13107E+00
 0.10839E-03    0.13705E+00
 0.11092E-03    0.14328E+00
 0.11350E-03    0.14977E+00
 0.11614E-03    0.15655E+00
 0.11885E-03    0.16362E+00
 0.12162E-03    0.17098E+00
 0.12445E-03    0.17865E+00
 0.12735E-03    0.18664E+00
 0.13032E-03    0.19496E+00
 0.13335E-03    0.20362E+00
 0.13646E-03    0.21264E+00
 0.13964E-03    0.22202E+00
 0.14289E-03    0.23178E+00
 0.14622E-03    0.24193E+00
 0.14962E-03    0.25248E+00
 0.15311E-03    0.26344E+00
 0.15668E-03    0.27484E+00
 0.16032E-03    0.28667E+00
 0.16406E-03    0.29895E+00
 0.16788E-03    0.31170E+00
 0.17179E-03    0.32493E+00
 0.17579E-03    0.33866E+00
 0.17989E-03    0.35289E+00
 0.18408E-03    0.36764E+00
 0.18836E-03    0.38292E+00
 0.19275E-03    0.39875E+00
 0.19724E-03    0.41515E+00
 0.20184E-03    0.43212E+00
 0.20654E-03    0.44968E+00
 0.21135E-03    0.46785E+00
 0.21627E-03    0.48664E+00
 0.22131E-03    0.50605E+00
 0.22646E-03    0.52612E+00
 0.23174E-03    0.54685E+00
 0.23714E-03    0.56826E+00
 0.24266E-03    0.59035E+00
 0.24831E-03    0.61315E+00
 0.25410E-03    0.63667E+00
 0.26002E-03    0.66093E+00
 0.26607E-03    0.68593E+00
 0.27227E-03    0.71170E+00
 0.27861E-03    0.73824E+00
 0.28510E-03    0.76557E+00
 0.29174E-03    0.79371E+00
 0.29854E-03    0.82266E+00
 0.30549E-03    0.85245E+00
 0.31261E-03    0.88309E+00
 0.31989E-03    0.91459E+00
 0.32734E-03    0.94697E+00
 0.33497E-03    0.98023E+00
 0.34277E-03    0.10144E+01
 0.35075E-03    0.10495E+01
 0.35892E-03    0.10855E+01
 0.36728E-03    0.11225E+01
 0.37584E-03    0.11604E+01
 0.38459E-03    0.11993E+01
 0.39355E-03    0.12392E+01
 0.40272E-03    0.12801E+01
 0.41210E-03    0.13220E+01
 0.42170E-03    0.13650E+01
 0.43152E-03    0.14090E+01
 0.44157E-03    0.14541E+01
 0.45186E-03    0.15002E+01
 0.46238E-03    0.15475E+01
 0.47315E-03    0.15958E+01
 0.48417E-03    0.16453E+01
 0.49545E-03    0.16960E+01
 0.50699E-03    0.17478E+01
 0.51880E-03    0.18008E+01
 0.53088E-03    0.18550E+01
 0.54325E-03    0.15406E+01
 0.55590E-03    0.16354E+01
 0.56885E-03    0.17313E+01
 0.58210E-03    0.18282E+01
 0.59566E-03    0.19258E+01
 0.60954E-03    0.20238E+01
 0.62373E-03    0.21221E+01
 0.63826E-03    0.22205E+01
 0.65313E-03    0.23189E+01
 0.66834E-03    0.24170E+01
 0.68391E-03    0.25147E+01
 0.69984E-03    0.26120E+01
 0.71614E-03    0.27086E+01
 0.73282E-03    0.28046E+01
 0.74989E-03    0.28999E+01
 0.76736E-03    0.29943E+01
 0.78524E-03    0.30879E+01
 0.80353E-03    0.31807E+01
 0.82224E-03    0.32726E+01
 0.84140E-03    0.33636E+01
 0.86099E-03    0.34537E+01
 0.88105E-03    0.35431E+01
 0.90157E-03    0.36316E+01
 0.92257E-03    0.37194E+01
 0.94406E-03    0.38065E+01
 0.96605E-03    0.38930E+01
 0.98855E-03    0.39789E+01
