Time(s), Temperature(K)
       1.0,299.970734
       2.0,299.941467
       3.0,299.912201
       4.0,299.882935
       5.0,299.853668
       6.0,299.824402
       7.0,299.795135
       8.0,299.765869
       9.0,299.736603
      10.0,299.707336
      11.0,299.678070
      12.0,299.648804
      13.0,299.619537
      14.0,299.590271
      15.0,299.561005
      16.0,299.531738
      17.0,299.502472
      18.0,299.473206
      19.0,299.443939
      20.0,299.414673
      21.0,299.385406
      22.0,299.356140
      23.0,299.326874
      24.0,299.297607
      25.0,299.268341
      26.0,299.239075
      27.0,299.209808
      28.0,299.180542
      29.0,299.151276
      30.0,299.122009
      31.0,299.092743
      32.0,299.063477
      33.0,299.034210
      34.0,299.004944
      35.0,298.975677
      36.0,298.946411
      37.0,298.917145
      38.0,298.887878
      39.0,298.858612
      40.0,298.829346
      41.0,298.800079
      42.0,298.770813
      43.0,298.741547
      44.0,298.712280
      45.0,298.683014
      46.0,298.653748
      47.0,298.624481
      48.0,298.595215
      49.0,298.565948
      50.0,298.536682
      51.0,298.507416
      52.0,298.478149
      53.0,298.448883
      54.0,298.419617
      55.0,298.390350
      56.0,298.361084
      57.0,298.331818
      58.0,298.302551
      59.0,298.273285
      60.0,298.244019
      61.0,298.214752
      62.0,298.185486
      63.0,298.156219
      64.0,298.126953
      65.0,298.097687
      66.0,298.068420
      67.0,298.039154
      68.0,298.009888
      69.0,297.980621
      70.0,297.951355
      71.0,297.922089
      72.0,297.892822
      73.0,297.863556
      74.0,297.834290
      75.0,297.805023
      76.0,297.775757
      77.0,297.746490
      78.0,297.717224
      79.0,297.687958
      80.0,297.658691
      81.0,297.629425
      82.0,297.600159
      83.0,297.570892
      84.0,297.541626
      85.0,297.512360
      86.0,297.483093
      87.0,297.453827
      88.0,297.424561
      89.0,297.395294
      90.0,297.366028
      91.0,297.336761
      92.0,297.307495
      93.0,297.278229
      94.0,297.248962
      95.0,297.219696
      96.0,297.190430
      97.0,297.161163
      98.0,297.131897
      99.0,297.102631
     100.0,297.073364
     101.0,297.000183
     102.0,296.927002
     103.0,296.853821
     104.0,296.780640
     105.0,296.707458
     106.0,296.634277
     107.0,296.561096
     108.0,296.487915
     109.0,296.414734
     110.0,296.341553
     111.0,296.268372
     112.0,296.195190
     113.0,296.122009
     114.0,296.048828
     115.0,295.975647
     116.0,295.902466
     117.0,295.829285
     118.0,295.756104
     119.0,295.682922
     120.0,295.609741
     121.0,295.536560
     122.0,295.463379
     123.0,295.390198
     124.0,295.317017
     125.0,295.243835
     126.0,295.170654
     127.0,295.097473
     128.0,295.024292
     129.0,294.951111
     130.0,294.877930
     131.0,294.804749
     132.0,294.731567
     133.0,294.658386
     134.0,294.585205
     135.0,294.512024
     136.0,294.438843
     137.0,294.365662
     138.0,294.292480
     139.0,294.219299
     140.0,294.146118
     141.0,294.072937
     142.0,293.999756
     143.0,293.926575
     144.0,293.853394
     145.0,293.780212
     146.0,293.707031
     147.0,293.633850
     148.0,293.560669
     149.0,293.487488
     150.0,293.414307
     151.0,293.341125
     152.0,293.267944
     153.0,293.194763
     154.0,293.121582
     155.0,293.048401
     156.0,292.975220
     157.0,292.902039
     158.0,292.828857
     159.0,292.755676
     160.0,292.682495
     161.0,292.609314
     162.0,292.536133
     163.0,292.462952
     164.0,292.389771
     165.0,292.316589
     166.0,292.243408
     167.0,292.170227
     168.0,292.097046
     169.0,292.023865
     170.0,291.950684
     171.0,291.877502
     172.0,291.804321
     173.0,291.731140
     174.0,291.657959
     175.0,291.584778
     176.0,291.511597
     177.0,291.438416
     178.0,291.365234
     179.0,291.292053
     180.0,291.218872
     181.0,291.145691
     182.0,291.072510
     183.0,290.999329
     184.0,290.926147
     185.0,290.852966
     186.0,290.779785
     187.0,290.706604
     188.0,290.633423
     189.0,290.560242
     190.0,290.487061
     191.0,290.413879
     192.0,290.340698
     193.0,290.267517
     194.0,290.194336
     195.0,290.121155
     196.0,290.047974
     197.0,289.974792
     198.0,289.901611
     199.0,289.828430
     200.0,289.755249
     201.0,289.682068
     202.0,289.608887
     203.0,289.535706
     204.0,289.462524
     205.0,289.389343
     206.0,289.316162
     207.0,289.242981
     208.0,289.169800
     209.0,289.096619
     210.0,289.023438
     211.0,288.950256
     212.0,288.877075
     213.0,288.803894
     214.0,288.730713
     215.0,288.657532
     216.0,288.584351
     217.0,288.511169
     218.0,288.437988
     219.0,288.364807
     220.0,288.291626
     221.0,288.218445
     222.0,288.145264
     223.0,288.072083
     224.0,287.998901
     225.0,287.925720
     226.0,287.852539
     227.0,287.779358
     228.0,287.706177
     229.0,287.632996
     230.0,287.559814
     231.0,287.486633
     232.0,287.413452
     233.0,287.340271
     234.0,287.267090
     235.0,287.193909
     236.0,287.120728
     237.0,287.047546
     238.0,286.974365
     239.0,286.901184
     240.0,286.828003
     241.0,286.754822
     242.0,286.681641
     243.0,286.608459
     244.0,286.535278
     245.0,286.462097
     246.0,286.388916
     247.0,286.315735
     248.0,286.242554
     249.0,286.169373
     250.0,286.096191
     251.0,286.023010
     252.0,285.949829
     253.0,285.876648
     254.0,285.803467
     255.0,285.730286
     256.0,285.657104
     257.0,285.583923
     258.0,285.510742
     259.0,285.437561
     260.0,285.364380
     261.0,285.291199
     262.0,285.218018
     263.0,285.144836
     264.0,285.071655
     265.0,284.998474
     266.0,284.925293
     267.0,284.852112
     268.0,284.778931
     269.0,284.705750
     270.0,284.632568
     271.0,284.559387
     272.0,284.486206
     273.0,284.413025
     274.0,284.339844
     275.0,284.266663
     276.0,284.193481
     277.0,284.120300
     278.0,284.047119
     279.0,283.973938
     280.0,283.900757
     281.0,283.827576
     282.0,283.754395
     283.0,283.681213
     284.0,283.608032
     285.0,283.534851
     286.0,283.461670
     287.0,283.388489
     288.0,283.315308
     289.0,283.242126
     290.0,283.168945
     291.0,283.095764
     292.0,283.022583
     293.0,282.949402
     294.0,282.876221
     295.0,282.803040
     296.0,282.729858
     297.0,282.656677
     298.0,282.583496
     299.0,282.510315
     300.0,282.437134
     301.0,282.363953
     302.0,282.290771
     303.0,282.217590
     304.0,282.144409
     305.0,282.071228
     306.0,281.998047
     307.0,281.924866
     308.0,281.851685
     309.0,281.778503
     310.0,281.705322
     311.0,281.632141
     312.0,281.558960
     313.0,281.485779
     314.0,281.412598
     315.0,281.339417
     316.0,281.266235
     317.0,281.193054
     318.0,281.119873
     319.0,281.046692
     320.0,280.973511
     321.0,280.900330
     322.0,280.827148
     323.0,280.753967
     324.0,280.680786
     325.0,280.607605
     326.0,280.534424
     327.0,280.461243
     328.0,280.388062
     329.0,280.314880
     330.0,280.241699
     331.0,280.168518
     332.0,280.095337
     333.0,280.022156
     334.0,279.948975
     335.0,279.875793
     336.0,279.802612
     337.0,279.729431
     338.0,279.656250
     339.0,279.583069
     340.0,279.509888
     341.0,279.436707
     342.0,279.363525
     343.0,279.290344
     344.0,279.217163
     345.0,279.143982
     346.0,279.070801
     347.0,278.997620
     348.0,278.924438
     349.0,278.851257
     350.0,278.778076
     351.0,278.704895
     352.0,278.631714
     353.0,278.558533
     354.0,278.485352
     355.0,278.412170
     356.0,278.338989
     357.0,278.265808
     358.0,278.192627
     359.0,278.119446
     360.0,278.046265
     361.0,277.973083
     362.0,277.899902
     363.0,277.826721
     364.0,277.753540
     365.0,277.680359
     366.0,277.607178
     367.0,277.533997
     368.0,277.460815
     369.0,277.387634
     370.0,277.314453
     371.0,277.241272
     372.0,277.168091
     373.0,277.094910
     374.0,277.021729
     375.0,276.948547
     376.0,276.875366
     377.0,276.802185
     378.0,276.729004
     379.0,276.655823
     380.0,276.582642
     381.0,276.509460
     382.0,276.436279
     383.0,276.363098
     384.0,276.289917
     385.0,276.216736
     386.0,276.143555
     387.0,276.070374
     388.0,275.997192
     389.0,275.924011
     390.0,275.850830
     391.0,275.777649
     392.0,275.704468
     393.0,275.631287
     394.0,275.558105
     395.0,275.484924
     396.0,275.411743
     397.0,275.338562
     398.0,275.265381
     399.0,275.192200
     400.0,275.119019
     401.0,275.045837
     402.0,274.972656
     403.0,274.899475
     404.0,274.826294
     405.0,274.753113
     406.0,274.679932
     407.0,274.606750
     408.0,274.533569
     409.0,274.460388
     410.0,274.387207
     411.0,274.314026
     412.0,274.240845
     413.0,274.167664
     414.0,274.094482
     415.0,274.021301
     416.0,273.948120
     417.0,273.874939
     418.0,273.801758
     419.0,273.728577
     420.0,273.655396
     421.0,273.582214
     422.0,273.509033
     423.0,273.435852
     424.0,273.362671
     425.0,273.289490
     426.0,273.216309
     427.0,273.143127
     428.0,273.069946
     429.0,272.996765
     430.0,272.923584
     431.0,272.850403
     432.0,272.777222
     433.0,272.704041
     434.0,272.630859
     435.0,272.557678
     436.0,272.484497
     437.0,272.411316
     438.0,272.338135
     439.0,272.264954
     440.0,272.191772
     441.0,272.118591
     442.0,272.045410
     443.0,271.972229
     444.0,271.899048
     445.0,271.825867
     446.0,271.752686
     447.0,271.679504
     448.0,271.606323
     449.0,271.533142
     450.0,271.459961
     451.0,271.386780
     452.0,271.313599
     453.0,271.240417
     454.0,271.167236
     455.0,271.094055
     456.0,271.020874
     457.0,270.947693
     458.0,270.874512
     459.0,270.801331
     460.0,270.728149
     461.0,270.654968
     462.0,270.581787
     463.0,270.508606
     464.0,270.435425
     465.0,270.362244
     466.0,270.289062
     467.0,270.215881
     468.0,270.142700
     469.0,270.069519
     470.0,269.996338
     471.0,269.923157
     472.0,269.849976
     473.0,269.776794
     474.0,269.703613
     475.0,269.630432
     476.0,269.557251
     477.0,269.484070
     478.0,269.410889
     479.0,269.337708
     480.0,269.264526
     481.0,269.191345
     482.0,269.118164
     483.0,269.044983
     484.0,268.971802
     485.0,268.898621
     486.0,268.825439
     487.0,268.752258
     488.0,268.679077
     489.0,268.605896
     490.0,268.532715
     491.0,268.459534
     492.0,268.386353
     493.0,268.313171
     494.0,268.239990
     495.0,268.166809
     496.0,268.093628
     497.0,268.020447
     498.0,267.947266
     499.0,267.874084
     500.0,267.800903
     501.0,267.752106
     502.0,267.703308
     503.0,267.654510
     504.0,267.605713
     505.0,267.556915
     506.0,267.508118
     507.0,267.459320
     508.0,267.410522
     509.0,267.361725
     510.0,267.312927
     511.0,267.264130
     512.0,267.215332
     513.0,267.166534
     514.0,267.117737
     515.0,267.068939
     516.0,267.020142
     517.0,266.971344
     518.0,266.922546
     519.0,266.873749
     520.0,266.824951
     521.0,266.776154
     522.0,266.727356
     523.0,266.678558
     524.0,266.629761
     525.0,266.580963
     526.0,266.532166
     527.0,266.483368
     528.0,266.434570
     529.0,266.385773
     530.0,266.336975
     531.0,266.288177
     532.0,266.239380
     533.0,266.190582
     534.0,266.141785
     535.0,266.092987
     536.0,266.044189
     537.0,265.995392
     538.0,265.946594
     539.0,265.897797
     540.0,265.848999
     541.0,265.800201
     542.0,265.751404
     543.0,265.702606
     544.0,265.653809
     545.0,265.605011
     546.0,265.556213
     547.0,265.507416
     548.0,265.458618
     549.0,265.409821
     550.0,265.361023
     551.0,265.312225
     552.0,265.263428
     553.0,265.214630
     554.0,265.165833
     555.0,265.117035
     556.0,265.068237
     557.0,265.019440
     558.0,264.970642
     559.0,264.921844
     560.0,264.873047
     561.0,264.824249
     562.0,264.775452
     563.0,264.726654
     564.0,264.677856
     565.0,264.629059
     566.0,264.580261
     567.0,264.531464
     568.0,264.482666
     569.0,264.433868
     570.0,264.385071
     571.0,264.336273
     572.0,264.287476
     573.0,264.238678
     574.0,264.189880
     575.0,264.141083
     576.0,264.092285
     577.0,264.043488
     578.0,263.994690
     579.0,263.945892
     580.0,263.897095
     581.0,263.848297
     582.0,263.799500
     583.0,263.750702
     584.0,263.701904
     585.0,263.653107
     586.0,263.604309
     587.0,263.555511
     588.0,263.506714
     589.0,263.457916
     590.0,263.409119
     591.0,263.360321
     592.0,263.311523
     593.0,263.262726
     594.0,263.213928
     595.0,263.165131
     596.0,263.116333
     597.0,263.067535
     598.0,263.018738
     599.0,262.969940
     600.0,262.921143
     601.0,262.872345
     602.0,262.823547
     603.0,262.774750
     604.0,262.725952
     605.0,262.677155
     606.0,262.628357
     607.0,262.579559
     608.0,262.530762
     609.0,262.481964
     610.0,262.433167
     611.0,262.384369
     612.0,262.335571
     613.0,262.286774
     614.0,262.237976
     615.0,262.189178
     616.0,262.140381
     617.0,262.091583
     618.0,262.042786
     619.0,261.993988
     620.0,261.945190
     621.0,261.896393
     622.0,261.847595
     623.0,261.798798
     624.0,261.750000
     625.0,261.701202
     626.0,261.652405
     627.0,261.603607
     628.0,261.554810
     629.0,261.506012
     630.0,261.457214
     631.0,261.408417
     632.0,261.359619
     633.0,261.310822
     634.0,261.262024
     635.0,261.213226
     636.0,261.164429
     637.0,261.115631
     638.0,261.066833
     639.0,261.018036
     640.0,260.969238
     641.0,260.920441
     642.0,260.871643
     643.0,260.822845
     644.0,260.774048
     645.0,260.725250
     646.0,260.676453
     647.0,260.627655
     648.0,260.578857
     649.0,260.530060
     650.0,260.481262
     651.0,260.432465
     652.0,260.383667
     653.0,260.334869
     654.0,260.286072
     655.0,260.237274
     656.0,260.188477
     657.0,260.139679
     658.0,260.090881
     659.0,260.042084
     660.0,259.993286
     661.0,259.944489
     662.0,259.895691
     663.0,259.846893
     664.0,259.798096
     665.0,259.749298
     666.0,259.700500
     667.0,259.651703
     668.0,259.602905
     669.0,259.554108
     670.0,259.505310
     671.0,259.456512
     672.0,259.407715
     673.0,259.358917
     674.0,259.310120
     675.0,259.261322
     676.0,259.212524
     677.0,259.163727
     678.0,259.114929
     679.0,259.066132
     680.0,259.017334
     681.0,258.968536
     682.0,258.919739
     683.0,258.870941
     684.0,258.822144
     685.0,258.773346
     686.0,258.724548
     687.0,258.675751
     688.0,258.626953
     689.0,258.578156
     690.0,258.529358
     691.0,258.480560
     692.0,258.431763
     693.0,258.382965
     694.0,258.334167
     695.0,258.285370
     696.0,258.236572
     697.0,258.187775
     698.0,258.138977
     699.0,258.090179
     700.0,258.041382
     701.0,257.992584
     702.0,257.943787
     703.0,257.894989
     704.0,257.846191
     705.0,257.797394
     706.0,257.748596
     707.0,257.699799
     708.0,257.651001
     709.0,257.602203
     710.0,257.553406
     711.0,257.504608
     712.0,257.455811
     713.0,257.407013
     714.0,257.358215
     715.0,257.309418
     716.0,257.260620
     717.0,257.211823
     718.0,257.163025
     719.0,257.114227
     720.0,257.065430
     721.0,257.016632
     722.0,256.967834
     723.0,256.919037
     724.0,256.870239
     725.0,256.821442
     726.0,256.772644
     727.0,256.723846
     728.0,256.675049
     729.0,256.626251
     730.0,256.577454
     731.0,256.528656
     732.0,256.479858
     733.0,256.431061
     734.0,256.382263
     735.0,256.333466
     736.0,256.284668
     737.0,256.235870
     738.0,256.187073
     739.0,256.138275
     740.0,256.089478
     741.0,256.040680
     742.0,255.991898
     743.0,255.943115
     744.0,255.894333
     745.0,255.845551
     746.0,255.796768
     747.0,255.747986
     748.0,255.699203
     749.0,255.650421
     750.0,255.601639
     751.0,255.552856
     752.0,255.504074
     753.0,255.455292
     754.0,255.406509
     755.0,255.357727
     756.0,255.308945
     757.0,255.260162
     758.0,255.211380
     759.0,255.162598
     760.0,255.113815
     761.0,255.065033
     762.0,255.016251
     763.0,254.967468
     764.0,254.918686
     765.0,254.869904
     766.0,254.821121
     767.0,254.772339
     768.0,254.723557
     769.0,254.674774
     770.0,254.625992
     771.0,254.577209
     772.0,254.528427
     773.0,254.479645
     774.0,254.430862
     775.0,254.382080
     776.0,254.333298
     777.0,254.284515
     778.0,254.235733
     779.0,254.186951
     780.0,254.138168
     781.0,254.089386
     782.0,254.040604
     783.0,253.991821
     784.0,253.943039
     785.0,253.894257
     786.0,253.845474
     787.0,253.796692
     788.0,253.747910
     789.0,253.699127
     790.0,253.650345
     791.0,253.601562
     792.0,253.552780
     793.0,253.503998
     794.0,253.455215
     795.0,253.406433
     796.0,253.357651
     797.0,253.308868
     798.0,253.260086
     799.0,253.211304
     800.0,253.162521
     801.0,253.113739
     802.0,253.064957
     803.0,253.016174
     804.0,252.967392
     805.0,252.918610
     806.0,252.869827
     807.0,252.821045
     808.0,252.772263
     809.0,252.723480
     810.0,252.674698
     811.0,252.625916
     812.0,252.577133
     813.0,252.528351
     814.0,252.479568
     815.0,252.430786
     816.0,252.382004
     817.0,252.333221
     818.0,252.284439
     819.0,252.235657
     820.0,252.186874
     821.0,252.138092
     822.0,252.089310
     823.0,252.040527
     824.0,251.991745
     825.0,251.942963
     826.0,251.894180
     827.0,251.845398
     828.0,251.796616
     829.0,251.747833
     830.0,251.699051
     831.0,251.650269
     832.0,251.601486
     833.0,251.552704
     834.0,251.503922
     835.0,251.455139
     836.0,251.406357
     837.0,251.357574
     838.0,251.308792
     839.0,251.260010
     840.0,251.211227
     841.0,251.162445
     842.0,251.113663
     843.0,251.064880
     844.0,251.016098
     845.0,250.967316
     846.0,250.918533
     847.0,250.869751
     848.0,250.820969
     849.0,250.772186
     850.0,250.723404
     851.0,250.674622
     852.0,250.625839
     853.0,250.577057
     854.0,250.528275
     855.0,250.479492
     856.0,250.430710
     857.0,250.381927
     858.0,250.333145
     859.0,250.284363
     860.0,250.235580
     861.0,250.186798
     862.0,250.138016
     863.0,250.089233
     864.0,250.040451
     865.0,249.991669
     866.0,249.942886
     867.0,249.894104
     868.0,249.845322
     869.0,249.796539
     870.0,249.747757
     871.0,249.698975
     872.0,249.650192
     873.0,249.601410
     874.0,249.552628
     875.0,249.503845
     876.0,249.455063
     877.0,249.406281
     878.0,249.357498
     879.0,249.308716
     880.0,249.259933
     881.0,249.211151
     882.0,249.162369
     883.0,249.113586
     884.0,249.064804
     885.0,249.016022
     886.0,248.967239
     887.0,248.918457
     888.0,248.869675
     889.0,248.820892
     890.0,248.772110
     891.0,248.723328
     892.0,248.674545
     893.0,248.625763
     894.0,248.576981
     895.0,248.528198
     896.0,248.479416
     897.0,248.430634
     898.0,248.381851
     899.0,248.333069
     900.0,248.284286
     901.0,248.235504
     902.0,248.186722
     903.0,248.137939
     904.0,248.089157
     905.0,248.040375
     906.0,247.991592
     907.0,247.942810
     908.0,247.894028
     909.0,247.845245
     910.0,247.796463
     911.0,247.747681
     912.0,247.698898
     913.0,247.650116
     914.0,247.601334
     915.0,247.552551
     916.0,247.503769
     917.0,247.454987
     918.0,247.406204
     919.0,247.357422
     920.0,247.308640
     921.0,247.259857
     922.0,247.211075
     923.0,247.162292
     924.0,247.113510
     925.0,247.064728
     926.0,247.015945
     927.0,246.967163
     928.0,246.918381
     929.0,246.869598
     930.0,246.820816
     931.0,246.772034
     932.0,246.723251
     933.0,246.674469
     934.0,246.625687
     935.0,246.576904
     936.0,246.528122
     937.0,246.479340
     938.0,246.430557
     939.0,246.381775
     940.0,246.332993
     941.0,246.284210
     942.0,246.235428
     943.0,246.186646
     944.0,246.137863
     945.0,246.089081
     946.0,246.040298
     947.0,245.991516
     948.0,245.942734
     949.0,245.893951
     950.0,245.845169
     951.0,245.796387
     952.0,245.747604
     953.0,245.698822
     954.0,245.650040
     955.0,245.601257
     956.0,245.552475
     957.0,245.503693
     958.0,245.454910
     959.0,245.406128
     960.0,245.357346
     961.0,245.308563
     962.0,245.259781
     963.0,245.210999
     964.0,245.162216
     965.0,245.113434
     966.0,245.064651
     967.0,245.015869
     968.0,244.967087
     969.0,244.918304
     970.0,244.869522
     971.0,244.820740
     972.0,244.771957
     973.0,244.723175
     974.0,244.674393
     975.0,244.625610
     976.0,244.576828
     977.0,244.528046
     978.0,244.479263
     979.0,244.430481
     980.0,244.381699
     981.0,244.332916
     982.0,244.284134
     983.0,244.235352
     984.0,244.186569
     985.0,244.137787
     986.0,244.089005
     987.0,244.040222
     988.0,243.991440
     989.0,243.942657
     990.0,243.893875
     991.0,243.845093
     992.0,243.796310
     993.0,243.747528
     994.0,243.698746
     995.0,243.649963
     996.0,243.601181
     997.0,243.552399
     998.0,243.503616
     999.0,243.454834
    1000.0,243.406052
