Diameter(nm)    dN/dlogD * 1e-3 (cm^-3/nm)
    0.2030937985E+04       0.0000000000E+00
    0.2094257096E+04       0.0000000000E+00
    0.2159550325E+04       0.0000000000E+00
    0.2226879218E+04       0.0000000000E+00
    0.2296307243E+04       0.0000000000E+00
    0.2367899844E+04       0.0000000000E+00
    0.2441724508E+04       0.0000000000E+00
    0.2517850824E+04       0.0000000000E+00
    0.2596350550E+04       0.0000000000E+00
    0.2677297684E+04       0.0000000000E+00
    0.2760768529E+04       0.0000000000E+00
    0.2846841768E+04       0.0000000000E+00
    0.2935598535E+04       0.0000000000E+00
    0.3027122497E+04       0.0000000000E+00
    0.3121499926E+04       0.0000000000E+00
    0.3218819787E+04       0.0000000000E+00
    0.3319173815E+04       0.0000000000E+00
    0.3422656608E+04       0.0000000000E+00
    0.3529365713E+04       0.0000000000E+00
    0.3639401717E+04       0.0000000000E+00
    0.3752868344E+04       0.0000000000E+00
    0.3869872551E+04       0.0000000000E+00
    0.3990524630E+04       0.0000000000E+00
    0.4114938312E+04       0.0000000000E+00
    0.4243230874E+04       0.0000000000E+00
    0.4375523248E+04       0.0000000000E+00
    0.4511940138E+04       0.0000000000E+00
    0.4652610134E+04       0.0000000000E+00
    0.4797665838E+04       0.0000000000E+00
    0.4947243983E+04       0.0000000000E+00
    0.5101485567E+04       0.0000000000E+00
    0.5260535984E+04       0.1967516593-193
    0.5424545159E+04       0.3025069245-176
    0.5593667693E+04       0.2357109417-161
    0.5768063006E+04       0.3745777283-148
    0.5947895490E+04       0.2606420232-136
    0.6133334661E+04       0.1324619675-125
    0.6324555320E+04       0.7176217239-116
    0.6521737718E+04       0.5586534493-107
    0.6725067726E+04       0.8014094540E-99
    0.6934737009E+04       0.2622521936E-91
    0.7150943209E+04       0.2341675198E-84
    0.7373890129E+04       0.6557614706E-78
    0.7603787926E+04       0.6374597030E-72
    0.7840853311E+04       0.2324637547E-66
    0.8085309747E+04       0.3404158177E-61
    0.8337387669E+04       0.2136642062E-56
    0.8597324694E+04       0.6123041284E-52
    0.8865365847E+04       0.8508328418E-48
    0.9141763792E+04       0.6064048974E-44
    0.9426779072E+04       0.2334539250E-40
    0.9720680352E+04       0.5089748107E-37
    0.1002374467E+05       0.6560234653E-34
    0.1033625771E+05       0.5197551959E-31
    0.1065851406E+05       0.2622156199E-28
    0.1099081748E+05       0.8696760465E-26
    0.1133348121E+05       0.1951748503E-23
    0.1168682827E+05       0.3042150757E-21
    0.1205119172E+05       0.3371808163E-19
    0.1242691503E+05       0.2714712985E-17
    0.1281435238E+05       0.1618583085E-15
    0.1321386896E+05       0.7272343321E-14
    0.1362584138E+05       0.2501549899E-12
    0.1405065798E+05       0.6682965854E-11
    0.1448871920E+05       0.1404797724E-09
    0.1494043798E+05       0.2351208895E-08
    0.1540624012E+05       0.3167324758E-07
    0.1588656469E+05       0.3468162190E-06
    0.1638186448E+05       0.3114768034E-05
    0.1689260637E+05       0.2313424601E-04
    0.1741927180E+05       0.1431772679E-03
    0.1796235722E+05       0.7435269262E-03
    0.1852237456E+05       0.3260534246E-02
    0.1909985172E+05       0.1214455136E-01
    0.1969533304E+05       0.3862586548E-01
    0.2030937985E+05       0.1054023699E+00
    0.2094257096E+05       0.2478113888E+00
    0.2159550325E+05       0.5037809081E+00
    0.2226879218E+05       0.8881151957E+00
    0.2296307243E+05       0.1360739076E+01
    0.2367899844E+05       0.1815127119E+01
    0.2441724508E+05       0.2111280609E+01
    0.2517850824E+05       0.2145752718E+01
    0.2596350550E+05       0.1912461510E+01
    0.2677297684E+05       0.1506113771E+01
    0.2760768529E+05       0.1065519036E+01
    0.2846841768E+05       0.7017607074E+00
    0.2935598535E+05       0.4589391591E+00
    0.3027122497E+05       0.3205290502E+00
    0.3121499926E+05       0.2429743659E+00
    0.3218819787E+05       0.1895003827E+00
    0.3319173815E+05       0.1448662205E+00
    0.3422656608E+05       0.1087273605E+00
    0.3529365713E+05       0.8218163736E-01
    0.3639401717E+05       0.6275997000E-01
    0.3752868344E+05       0.4763033526E-01
    0.3869872551E+05       0.3577138442E-01
    0.3990524630E+05       0.2664586719E-01
    0.4114938312E+05       0.1965310137E-01
    0.4243230874E+05       0.1431493475E-01
    0.4375523248E+05       0.1029062269E-01
    0.4511940138E+05       0.7286671104E-02
    0.4652610134E+05       0.5074537533E-02
    0.4797665838E+05       0.3471793128E-02
    0.4947243983E+05       0.2331534241E-02
    0.5101485567E+05       0.1535541992E-02
    0.5260535984E+05       0.9904325888E-03
    0.5424545159E+05       0.6243088607E-03
    0.5593667693E+05       0.3834793997E-03
    0.5768063006E+05       0.2288537156E-03
    0.5947895490E+05       0.1323964110E-03
    0.6133334661E+05       0.7418997769E-04
    0.6324555320E+05       0.4029230508E-04
    0.6521737718E+05       0.2123729533E-04
    0.6725067726E+05       0.1087917062E-04
    0.6934737009E+05       0.5422574608E-05
    0.7150943209E+05       0.2632194901E-05
    0.7373890129E+05       0.1245458607E-05
    0.7603787926E+05       0.5750761497E-06
    0.7840853311E+05       0.2594668164E-06
    0.8085309747E+05       0.1145560412E-06
    0.8337387669E+05       0.4956419497E-07
    0.8597324694E+05       0.2104626201E-07
    0.8865365847E+05       0.8783737043E-08
    0.9141763792E+05       0.3608293552E-08
    0.9426779072E+05       0.1460932464E-08
    0.9720680352E+05       0.5837279160E-09
    0.1002374467E+06       0.2304322454E-09
    0.1033625771E+06       0.8996666656E-10
    0.1065851406E+06       0.3477223077E-10
    0.1099081748E+06       0.1331556056E-10
    0.1133348121E+06       0.5055752854E-11
    0.1168682827E+06       0.1904580614E-11
    0.1205119172E+06       0.7122886319E-12
    0.1242691503E+06       0.2645964773E-12
    0.1281435238E+06       0.9767593174E-13
    0.1321386896E+06       0.3584672187E-13
    0.1362584138E+06       0.1308380448E-13
    0.1405065798E+06       0.4751046327E-14
    0.1448871920E+06       0.1716913299E-14
    0.1494043798E+06       0.6176343406E-15
    0.1540624012E+06       0.2212313123E-15
    0.1588656469E+06       0.7892070618E-16
    0.1638186448E+06       0.2804474082E-16
    0.1689260637E+06       0.9928995573E-17
    0.1741927180E+06       0.3502844914E-17
    0.1796235722E+06       0.1231566730E-17
    0.1852237456E+06       0.4315867066E-18
    0.1909985172E+06       0.1507631361E-18
    0.1969533304E+06       0.5250200101E-19
    0.2030937985E+06       0.1822803200E-19
    0.2094257096E+06       0.6309718579E-20
    0.2159550325E+06       0.2177726212E-20
    0.2226879218E+06       0.7494290813E-21
    0.2296307243E+06       0.2571562572E-21
    0.2367899844E+06       0.8798385952E-22
    0.2441724508E+06       0.3001535020E-22
    0.2517850824E+06       0.1020960240E-22
    0.2596350550E+06       0.3462465488E-23
    0.2677297684E+06       0.1170726566E-23
    0.2760768529E+06       0.3946365942E-24
    0.2846841768E+06       0.1326134301E-24
    0.2935598535E+06       0.4469135431E-25
    0.3027122497E+06       0.1489977672E-25
    0.3121499926E+06       0.4850643104E-26
    0.3218819787E+06       0.1530709040E-26
    0.3319173815E+06       0.4680378120E-27
    0.3422656608E+06       0.1376266012E-27
    0.3529365713E+06       0.3877455758E-28
    0.3639401717E+06       0.1049655265E-28
    0.3752868344E+06       0.2710538928E-29
    0.3869872551E+06       0.6682476938E-30
    0.3990524630E+06       0.1567215729E-30
    0.4114938312E+06       0.3502406288E-31
    0.4243230874E+06       0.7425429075E-32
    0.4375523248E+06       0.1492821318E-32
    0.4511940138E+06       0.2849344653E-33
    0.4652610134E+06       0.5161496203E-34
    0.4797665838E+06       0.8843900579E-35
    0.4947243983E+06       0.1428666076E-35
    0.5101485567E+06       0.2178505632E-36
    0.5260535984E+06       0.3142088776E-37
    0.5424545159E+06       0.4272590098E-38
    0.5593667693E+06       0.5477112225E-39
    0.5768063006E+06       0.6626703038E-40
    0.5947895490E+06       0.7514435908E-41
    0.6133334661E+06       0.7992044047E-42
    0.6324555320E+06       0.7974216064E-43
    0.6521737718E+06       0.7437663618E-44
    0.6725067726E+06       0.6495387989E-45
    0.6934737009E+06       0.5307493909E-46
    0.7150943209E+06       0.4049385618E-47
    0.7373890129E+06       0.2888882926E-48
    0.7603787926E+06       0.1925097618E-49
    0.7840853311E+06       0.1193527855E-50
    0.8085309747E+06       0.6893116983E-52
    0.8337387669E+06       0.3706631920E-53
    0.8597324694E+06       0.1851710827E-54
    0.8865365847E+06       0.8607645395E-56
    0.9141763792E+06       0.3718615703E-57
    0.9426779072E+06       0.1491036356E-58
    0.9720680352E+06       0.5557327732E-60
    0.1002374467E+07       0.1922550765E-61
    0.1033625771E+07       0.6165519498E-63
    0.1065851406E+07       0.1834331606E-64
    0.1099081748E+07       0.5054367826E-66
    0.1133348121E+07       0.1287219032E-67
    0.1168682827E+07       0.3034313852E-69
    0.1205119172E+07       0.6622999997E-71
    0.1242691503E+07       0.1334178821E-72
    0.1281435238E+07       0.2484642988E-74
    0.1321386896E+07       0.4284136713E-76
    0.1362584138E+07       0.6811398482E-78
    0.1405065798E+07       0.1000153559E-79
    0.1448871920E+07       0.1357829888E-81
    0.1494043798E+07       0.1702598131E-83
    0.1540624012E+07       0.1967403759E-85
    0.1588656469E+07       0.2096620040E-87
    0.1638186448E+07       0.2062725826E-89
    0.1689260637E+07       0.1867310427E-91
    0.1741927180E+07       0.1556251267E-93
    0.1796235722E+07       0.1195184688E-95
    0.1852237456E+07       0.8467143009E-98
    0.1909985172E+07       0.5510543991-100
    0.1969533304E+07       0.3299541069-102
    0.2030937985E+07       0.1819173049-104
    0.2094257096E+07       0.9244259607-107
    0.2159550325E+07       0.4314203196-109
    0.2226879218E+07       0.1850466819-111
    0.2296307243E+07       0.7296443358-114
    0.2367899844E+07       0.2647166581-116
    0.2441724508E+07       0.8830146731-119
    0.2517850824E+07       0.2699756608-121
    0.2596350550E+07       0.7573794251-124
    0.2677297684E+07       0.1951283036-126
    0.2760768529E+07       0.4620737041-129
    0.2846841768E+07       0.1004113090-131
    0.2935598535E+07       0.1999073501-134
    0.3027122497E+07       0.3649928994-137
    0.3121499926E+07       0.6116961499-140
    0.3218819787E+07       0.9417839312-143
    0.3319173815E+07       0.1330840964-145
    0.3422656608E+07       0.1721767837-148
    0.3529365713E+07       0.2041796429-151
    0.3639401717E+07       0.2221259813-154
    0.3752868344E+07       0.2218505740-157
    0.3869872551E+07       0.2035554897-160
    0.3990524630E+07       0.1709002968-163
    0.4114938312E+07       0.1314570844-166
    0.4243230874E+07       0.9267935180-170
    0.4375523248E+07       0.5991243291-173
    0.4511940138E+07       0.3553174600-176
    0.4652610134E+07       0.1933458082-179
    0.4797665838E+07       0.9615883804-183
    0.4947243983E+07       0.4377179020-186
    0.5101485567E+07       0.1824542882-189
    0.5260535984E+07       0.6967553399-193
    0.5424545159E+07       0.2439033784-196
    0.5593667693E+07       0.7831098430-200
    0.5768063006E+07       0.2298654690-203
    0.5947895490E+07       0.6169620677-207
    0.6133334661E+07       0.1514772747-210
    0.6324555320E+07       0.3403636423-214
    0.6521737718E+07       0.7002451087-218
    0.6725067726E+07       0.1319674656-221
    0.6934737009E+07       0.2279265621-225
    0.7150943209E+07       0.3596879496-229
    0.7373890129E+07       0.5186198489-233
    0.7603787926E+07       0.6834716645-237
    0.7840853311E+07       0.8235786720-241
    0.8085309747E+07       0.9077336735-245
    0.8337387669E+07       0.9154184220-249
    0.8597324694E+07       0.8448855185-253
    0.8865365847E+07       0.7138307870-257
    0.9141763792E+07       0.5504454365-261
    0.9426779072E+07       0.3874460178-265
    0.9720680352E+07       0.2490022556-269
    0.1002374467E+08       0.1461555290-273
    0.1033625771E+08       0.7837360048-278
    0.1065851406E+08       0.3840516504-282
    0.1099081748E+08       0.1720301376-286
    0.1133348121E+08       0.7046160786-291
    0.1168682827E+08       0.2639856888-295
    0.1205119172E+08       0.9028156705-300
    0.1242691503E+08       0.2816382540-304
    0.1281435238E+08       0.0000000000E+00
    0.1321386896E+08       0.0000000000E+00
    0.1362584138E+08       0.0000000000E+00
    0.1405065798E+08       0.0000000000E+00
    0.1448871920E+08       0.0000000000E+00
    0.1494043798E+08       0.0000000000E+00
    0.1540624012E+08       0.0000000000E+00
    0.1588656469E+08       0.0000000000E+00
    0.1638186448E+08       0.0000000000E+00
    0.1689260637E+08       0.0000000000E+00
    0.1741927180E+08       0.0000000000E+00
    0.1796235722E+08       0.0000000000E+00
    0.1852237456E+08       0.0000000000E+00
    0.1909985172E+08       0.0000000000E+00
    0.1969533304E+08       0.0000000000E+00
