Diameter(nm)    dN/dlogD * 1e-3 (cm^-3/nm)
    0.2030937985E+04       0.0000000000E+00
    0.2094257096E+04       0.0000000000E+00
    0.2159550325E+04       0.0000000000E+00
    0.2226879218E+04       0.0000000000E+00
    0.2296307243E+04       0.0000000000E+00
    0.2367899844E+04       0.0000000000E+00
    0.2441724508E+04       0.0000000000E+00
    0.2517850824E+04       0.0000000000E+00
    0.2596350550E+04       0.0000000000E+00
    0.2677297684E+04       0.0000000000E+00
    0.2760768529E+04       0.0000000000E+00
    0.2846841768E+04       0.0000000000E+00
    0.2935598535E+04       0.0000000000E+00
    0.3027122497E+04       0.0000000000E+00
    0.3121499926E+04       0.0000000000E+00
    0.3218819787E+04       0.0000000000E+00
    0.3319173815E+04       0.0000000000E+00
    0.3422656608E+04       0.0000000000E+00
    0.3529365713E+04       0.0000000000E+00
    0.3639401717E+04       0.0000000000E+00
    0.3752868344E+04       0.0000000000E+00
    0.3869872551E+04       0.0000000000E+00
    0.3990524630E+04       0.0000000000E+00
    0.4114938312E+04       0.0000000000E+00
    0.4243230874E+04       0.0000000000E+00
    0.4375523248E+04       0.0000000000E+00
    0.4511940138E+04       0.0000000000E+00
    0.4652610134E+04       0.0000000000E+00
    0.4797665838E+04       0.0000000000E+00
    0.4947243983E+04       0.0000000000E+00
    0.5101485567E+04       0.0000000000E+00
    0.5260535984E+04       0.0000000000E+00
    0.5424545159E+04       0.0000000000E+00
    0.5593667693E+04       0.0000000000E+00
    0.5768063006E+04       0.0000000000E+00
    0.5947895490E+04       0.0000000000E+00
    0.6133334661E+04       0.0000000000E+00
    0.6324555320E+04       0.0000000000E+00
    0.6521737718E+04       0.0000000000E+00
    0.6725067726E+04       0.0000000000E+00
    0.6934737009E+04       0.0000000000E+00
    0.7150943209E+04       0.0000000000E+00
    0.7373890129E+04       0.0000000000E+00
    0.7603787926E+04       0.0000000000E+00
    0.7840853311E+04       0.0000000000E+00
    0.8085309747E+04       0.0000000000E+00
    0.8337387669E+04       0.0000000000E+00
    0.8597324694E+04       0.0000000000E+00
    0.8865365847E+04       0.0000000000E+00
    0.9141763792E+04       0.0000000000E+00
    0.9426779072E+04       0.0000000000E+00
    0.9720680352E+04       0.0000000000E+00
    0.1002374467E+05       0.0000000000E+00
    0.1033625771E+05       0.0000000000E+00
    0.1065851406E+05       0.0000000000E+00
    0.1099081748E+05       0.0000000000E+00
    0.1133348121E+05       0.0000000000E+00
    0.1168682827E+05       0.0000000000E+00
    0.1205119172E+05       0.0000000000E+00
    0.1242691503E+05       0.0000000000E+00
    0.1281435238E+05       0.0000000000E+00
    0.1321386896E+05       0.0000000000E+00
    0.1362584138E+05       0.0000000000E+00
    0.1405065798E+05       0.0000000000E+00
    0.1448871920E+05       0.0000000000E+00
    0.1494043798E+05       0.0000000000E+00
    0.1540624012E+05       0.0000000000E+00
    0.1588656469E+05       0.0000000000E+00
    0.1638186448E+05       0.0000000000E+00
    0.1689260637E+05       0.0000000000E+00
    0.1741927180E+05       0.0000000000E+00
    0.1796235722E+05       0.0000000000E+00
    0.1852237456E+05       0.0000000000E+00
    0.1909985172E+05       0.0000000000E+00
    0.1969533304E+05       0.0000000000E+00
    0.2030937985E+05       0.0000000000E+00
    0.2094257096E+05       0.0000000000E+00
    0.2159550325E+05       0.0000000000E+00
    0.2226879218E+05       0.0000000000E+00
    0.2296307243E+05       0.0000000000E+00
    0.2367899844E+05       0.0000000000E+00
    0.2441724508E+05       0.0000000000E+00
    0.2517850824E+05       0.0000000000E+00
    0.2596350550E+05       0.0000000000E+00
    0.2677297684E+05       0.0000000000E+00
    0.2760768529E+05       0.0000000000E+00
    0.2846841768E+05       0.0000000000E+00
    0.2935598535E+05       0.0000000000E+00
    0.3027122497E+05       0.0000000000E+00
    0.3121499926E+05       0.0000000000E+00
    0.3218819787E+05       0.0000000000E+00
    0.3319173815E+05       0.0000000000E+00
    0.3422656608E+05       0.0000000000E+00
    0.3529365713E+05       0.0000000000E+00
    0.3639401717E+05       0.0000000000E+00
    0.3752868344E+05       0.0000000000E+00
    0.3869872551E+05       0.0000000000E+00
    0.3990524630E+05       0.0000000000E+00
    0.4114938312E+05       0.0000000000E+00
    0.4243230874E+05       0.0000000000E+00
    0.4375523248E+05       0.0000000000E+00
    0.4511940138E+05       0.0000000000E+00
    0.4652610134E+05       0.0000000000E+00
    0.4797665838E+05       0.0000000000E+00
    0.4947243983E+05       0.0000000000E+00
    0.5101485567E+05       0.0000000000E+00
    0.5260535984E+05       0.0000000000E+00
    0.5424545159E+05       0.0000000000E+00
    0.5593667693E+05       0.0000000000E+00
    0.5768063006E+05       0.0000000000E+00
    0.5947895490E+05       0.0000000000E+00
    0.6133334661E+05       0.0000000000E+00
    0.6324555320E+05       0.0000000000E+00
    0.6521737718E+05       0.0000000000E+00
    0.6725067726E+05       0.0000000000E+00
    0.6934737009E+05       0.0000000000E+00
    0.7150943209E+05       0.0000000000E+00
    0.7373890129E+05       0.0000000000E+00
    0.7603787926E+05       0.0000000000E+00
    0.7840853311E+05       0.0000000000E+00
    0.8085309747E+05       0.0000000000E+00
    0.8337387669E+05       0.0000000000E+00
    0.8597324694E+05       0.0000000000E+00
    0.8865365847E+05       0.0000000000E+00
    0.9141763792E+05       0.0000000000E+00
    0.9426779072E+05       0.0000000000E+00
    0.9720680352E+05       0.0000000000E+00
    0.1002374467E+06       0.0000000000E+00
    0.1033625771E+06       0.0000000000E+00
    0.1065851406E+06       0.0000000000E+00
    0.1099081748E+06       0.0000000000E+00
    0.1133348121E+06       0.0000000000E+00
    0.1168682827E+06       0.0000000000E+00
    0.1205119172E+06       0.0000000000E+00
    0.1242691503E+06       0.0000000000E+00
    0.1281435238E+06       0.0000000000E+00
    0.1321386896E+06       0.0000000000E+00
    0.1362584138E+06       0.0000000000E+00
    0.1405065798E+06       0.0000000000E+00
    0.1448871920E+06       0.0000000000E+00
    0.1494043798E+06       0.0000000000E+00
    0.1540624012E+06       0.0000000000E+00
    0.1588656469E+06       0.0000000000E+00
    0.1638186448E+06       0.0000000000E+00
    0.1689260637E+06       0.0000000000E+00
    0.1741927180E+06       0.0000000000E+00
    0.1796235722E+06       0.0000000000E+00
    0.1852237456E+06       0.0000000000E+00
    0.1909985172E+06       0.0000000000E+00
    0.1969533304E+06       0.0000000000E+00
    0.2030937985E+06       0.0000000000E+00
    0.2094257096E+06       0.0000000000E+00
    0.2159550325E+06       0.0000000000E+00
    0.2226879218E+06       0.0000000000E+00
    0.2296307243E+06       0.0000000000E+00
    0.2367899844E+06       0.0000000000E+00
    0.2441724508E+06       0.0000000000E+00
    0.2517850824E+06       0.0000000000E+00
    0.2596350550E+06       0.0000000000E+00
    0.2677297684E+06       0.0000000000E+00
    0.2760768529E+06       0.0000000000E+00
    0.2846841768E+06       0.0000000000E+00
    0.2935598535E+06       0.0000000000E+00
    0.3027122497E+06       0.0000000000E+00
    0.3121499926E+06       0.0000000000E+00
    0.3218819787E+06       0.0000000000E+00
    0.3319173815E+06       0.0000000000E+00
    0.3422656608E+06       0.0000000000E+00
    0.3529365713E+06       0.0000000000E+00
    0.3639401717E+06       0.0000000000E+00
    0.3752868344E+06       0.0000000000E+00
    0.3869872551E+06       0.0000000000E+00
    0.3990524630E+06       0.0000000000E+00
    0.4114938312E+06       0.0000000000E+00
    0.4243230874E+06       0.0000000000E+00
    0.4375523248E+06       0.0000000000E+00
    0.4511940138E+06       0.0000000000E+00
    0.4652610134E+06       0.0000000000E+00
    0.4797665838E+06       0.0000000000E+00
    0.4947243983E+06       0.0000000000E+00
    0.5101485567E+06       0.0000000000E+00
    0.5260535984E+06       0.0000000000E+00
    0.5424545159E+06       0.0000000000E+00
    0.5593667693E+06       0.0000000000E+00
    0.5768063006E+06       0.0000000000E+00
    0.5947895490E+06       0.0000000000E+00
    0.6133334661E+06       0.0000000000E+00
    0.6324555320E+06       0.0000000000E+00
    0.6521737718E+06       0.0000000000E+00
    0.6725067726E+06       0.0000000000E+00
    0.6934737009E+06       0.0000000000E+00
    0.7150943209E+06       0.0000000000E+00
    0.7373890129E+06       0.0000000000E+00
    0.7603787926E+06       0.0000000000E+00
    0.7840853311E+06       0.0000000000E+00
    0.8085309747E+06       0.0000000000E+00
    0.8337387669E+06       0.0000000000E+00
    0.8597324694E+06       0.0000000000E+00
    0.8865365847E+06       0.0000000000E+00
    0.9141763792E+06       0.0000000000E+00
    0.9426779072E+06       0.0000000000E+00
    0.9720680352E+06       0.0000000000E+00
    0.1002374467E+07       0.0000000000E+00
    0.1033625771E+07       0.0000000000E+00
    0.1065851406E+07       0.0000000000E+00
    0.1099081748E+07       0.0000000000E+00
    0.1133348121E+07       0.0000000000E+00
    0.1168682827E+07       0.0000000000E+00
    0.1205119172E+07       0.0000000000E+00
    0.1242691503E+07       0.0000000000E+00
    0.1281435238E+07       0.0000000000E+00
    0.1321386896E+07       0.0000000000E+00
    0.1362584138E+07       0.0000000000E+00
    0.1405065798E+07       0.0000000000E+00
    0.1448871920E+07       0.0000000000E+00
    0.1494043798E+07       0.0000000000E+00
    0.1540624012E+07       0.0000000000E+00
    0.1588656469E+07       0.0000000000E+00
    0.1638186448E+07       0.0000000000E+00
    0.1689260637E+07       0.0000000000E+00
    0.1741927180E+07       0.0000000000E+00
    0.1796235722E+07       0.0000000000E+00
    0.1852237456E+07       0.0000000000E+00
    0.1909985172E+07       0.0000000000E+00
    0.1969533304E+07       0.0000000000E+00
    0.2030937985E+07       0.0000000000E+00
    0.2094257096E+07       0.0000000000E+00
    0.2159550325E+07       0.0000000000E+00
    0.2226879218E+07       0.0000000000E+00
    0.2296307243E+07       0.0000000000E+00
    0.2367899844E+07       0.0000000000E+00
    0.2441724508E+07       0.0000000000E+00
    0.2517850824E+07       0.0000000000E+00
    0.2596350550E+07       0.0000000000E+00
    0.2677297684E+07       0.0000000000E+00
    0.2760768529E+07       0.0000000000E+00
    0.2846841768E+07       0.0000000000E+00
    0.2935598535E+07       0.0000000000E+00
    0.3027122497E+07       0.0000000000E+00
    0.3121499926E+07       0.0000000000E+00
    0.3218819787E+07       0.0000000000E+00
    0.3319173815E+07       0.0000000000E+00
    0.3422656608E+07       0.0000000000E+00
    0.3529365713E+07       0.0000000000E+00
    0.3639401717E+07       0.0000000000E+00
    0.3752868344E+07       0.0000000000E+00
    0.3869872551E+07       0.0000000000E+00
    0.3990524630E+07       0.0000000000E+00
    0.4114938312E+07       0.0000000000E+00
    0.4243230874E+07       0.0000000000E+00
    0.4375523248E+07       0.0000000000E+00
    0.4511940138E+07       0.0000000000E+00
    0.4652610134E+07       0.0000000000E+00
    0.4797665838E+07       0.0000000000E+00
    0.4947243983E+07       0.0000000000E+00
    0.5101485567E+07       0.0000000000E+00
    0.5260535984E+07       0.0000000000E+00
    0.5424545159E+07       0.0000000000E+00
    0.5593667693E+07       0.0000000000E+00
    0.5768063006E+07       0.0000000000E+00
    0.5947895490E+07       0.0000000000E+00
    0.6133334661E+07       0.0000000000E+00
    0.6324555320E+07       0.0000000000E+00
    0.6521737718E+07       0.0000000000E+00
    0.6725067726E+07       0.0000000000E+00
    0.6934737009E+07       0.0000000000E+00
    0.7150943209E+07       0.0000000000E+00
    0.7373890129E+07       0.0000000000E+00
    0.7603787926E+07       0.0000000000E+00
    0.7840853311E+07       0.0000000000E+00
    0.8085309747E+07       0.0000000000E+00
    0.8337387669E+07       0.0000000000E+00
    0.8597324694E+07       0.0000000000E+00
    0.8865365847E+07       0.0000000000E+00
    0.9141763792E+07       0.0000000000E+00
    0.9426779072E+07       0.0000000000E+00
    0.9720680352E+07       0.0000000000E+00
    0.1002374467E+08       0.0000000000E+00
    0.1033625771E+08       0.0000000000E+00
    0.1065851406E+08       0.0000000000E+00
    0.1099081748E+08       0.0000000000E+00
    0.1133348121E+08       0.0000000000E+00
    0.1168682827E+08       0.0000000000E+00
    0.1205119172E+08       0.0000000000E+00
    0.1242691503E+08       0.0000000000E+00
    0.1281435238E+08       0.0000000000E+00
    0.1321386896E+08       0.0000000000E+00
    0.1362584138E+08       0.0000000000E+00
    0.1405065798E+08       0.0000000000E+00
    0.1448871920E+08       0.0000000000E+00
    0.1494043798E+08       0.0000000000E+00
    0.1540624012E+08       0.0000000000E+00
    0.1588656469E+08       0.0000000000E+00
    0.1638186448E+08       0.0000000000E+00
    0.1689260637E+08       0.0000000000E+00
    0.1741927180E+08       0.0000000000E+00
    0.1796235722E+08       0.0000000000E+00
    0.1852237456E+08       0.0000000000E+00
    0.1909985172E+08       0.0000000000E+00
    0.1969533304E+08       0.0000000000E+00
